0.0
0.0
0.0
0.0
0.0
0.0
0.0
0.0
-37.957001
3.0509999
32.812
-27.402
48.346958
-42.025341
132.93106
-29.665764
0.80580008
-134.72063
4.4815402
-136.46808
29.473
-1.9699998
1.408
-20.101999
-29.393999
-19.417999
-35.006001
-39.400997
16.809
13.412
-16.618
43.183998
35.845001
-29.764
-38.805
-31.217001
-20.299999
-17.987
10.571
-44.463001
-37.957001
3.0509999
32.812
-27.402
48.346958
-42.025341
132.93106
-29.665764
-6.0610003
-25.606998
9.8909998
-27.546
29.473
-1.9699998
1.408
-20.101999
-29.393999
-19.417999
-35.006001
-39.400997
16.809
13.412
-16.618
43.183998
36.317001
-35.886002
-45.602997
-37.379002
29.641823
100.16743
-9.2525034
113.7034
-37.957001
3.0509999
32.812
-27.402
48.346958
-42.025341
132.93106
-29.665764
0.80580008
-134.72063
4.4815402
-136.46808
29.473
-1.9699998
1.408
-20.101999
-29.393999
-19.417999
-35.006001
-39.400997
16.809
13.412
-16.618
43.183998
35.845001
-29.764
-38.805
-31.217001