0.0
0.0
0.0
0.0
0.0
0.0
0.0
0.0
0.0
0.0
0.0
0.0
0.0
0.0
0.0
0.0
0.0
0.0
0.0
0.0
-37.957001
3.0509999
32.812
-27.402
19.122
-46.070999
35.974003
-16.508999
-5.789
-34.563
4.4815402
-136.46808
38.531654
10.664697
14.112068
44.517494
-74.734795
58.731159
41.056068
38.251377
22.504999
18.351999
-14.708
48.736
35.845001
-29.764
-38.805
-31.217001
-23.035999
-26.910999
8.6449995
-49.313
-30.943001
2.3929999
35.464001
-34.214001
23.643999
-44.209
42.73
-12.405
-5.789
-34.563
8.9390001
-36.119999
29.473
-1.9699998
1.408
-20.101999
-34.101997
-11.922
41.056068
38.251377
55.983135
39.228539
-14.958165
127.58496
-8.5151167
-100.47733
-143.45139
-105.67214
-23.035999
-26.910999
8.6449995
-49.313
-30.943001
2.3929999
35.464001
-34.214001
23.643999
-44.209